(kicad_pcb (version 20171130) (host pcbnew 5.1.1-8be2ce7~80~ubuntu18.10.1)

  (general
    (thickness 1.6)
    (drawings 17)
    (tracks 420)
    (zones 0)
    (modules 27)
    (nets 28)
  )

  (page A4)
  (layers
    (0 F.Cu signal)
    (31 B.Cu signal)
    (32 B.Adhes user)
    (33 F.Adhes user)
    (34 B.Paste user)
    (35 F.Paste user)
    (36 B.SilkS user)
    (37 F.SilkS user)
    (38 B.Mask user)
    (39 F.Mask user)
    (40 Dwgs.User user)
    (41 Cmts.User user)
    (42 Eco1.User user)
    (43 Eco2.User user)
    (44 Edge.Cuts user)
    (45 Margin user)
    (46 B.CrtYd user)
    (47 F.CrtYd user)
    (48 B.Fab user hide)
    (49 F.Fab user hide)
  )

  (setup
    (last_trace_width 0.15)
    (user_trace_width 0.1)
    (user_trace_width 0.15)
    (user_trace_width 0.15)
    (user_trace_width 0.2)
    (user_trace_width 0.25)
    (user_trace_width 0.3)
    (user_trace_width 0.5)
    (user_trace_width 1)
    (user_trace_width 1.5)
    (user_trace_width 2)
    (trace_clearance 0.1)
    (zone_clearance 0.15)
    (zone_45_only no)
    (trace_min 0.1)
    (via_size 0.4)
    (via_drill 0.2)
    (via_min_size 0.1)
    (via_min_drill 0.02)
    (user_via 0.1 0.02)
    (user_via 0.15 0.1)
    (user_via 0.2 0.1)
    (user_via 0.23 0.15)
    (user_via 0.3 0.1)
    (user_via 0.7 0.2)
    (blind_buried_vias_allowed yes)
    (uvia_size 0.3)
    (uvia_drill 0.1)
    (uvias_allowed yes)
    (uvia_min_size 0.2)
    (uvia_min_drill 0.1)
    (edge_width 0.05)
    (segment_width 0.2)
    (pcb_text_width 0.3)
    (pcb_text_size 1.5 1.5)
    (mod_edge_width 0.12)
    (mod_text_size 1 1)
    (mod_text_width 0.15)
    (pad_size 0.23 0.23)
    (pad_drill 0)
    (pad_to_mask_clearance 0.051)
    (solder_mask_min_width 0.2)
    (aux_axis_origin 0 0)
    (visible_elements FEFFAEFF)
    (pcbplotparams
      (layerselection 0x3ffff_ffffffff)
      (usegerberextensions false)
      (usegerberattributes false)
      (usegerberadvancedattributes false)
      (creategerberjobfile false)
      (excludeedgelayer true)
      (linewidth 0.100000)
      (plotframeref false)
      (viasonmask false)
      (mode 1)
      (useauxorigin false)
      (hpglpennumber 1)
      (hpglpenspeed 20)
      (hpglpendiameter 15.000000)
      (psnegative false)
      (psa4output false)
      (plotreference true)
      (plotvalue true)
      (plotinvisibletext false)
      (padsonsilk false)
      (subtractmaskfromsilk false)
      (outputformat 1)
      (mirror false)
      (drillshape 0)
      (scaleselection 1)
      (outputdirectory "gerber_james/"))
  )

  (net 0 "")
  (net 1 ~SHUTDOWN)
  (net 2 5v_Ext)
  (net 3 WCLK)
  (net 4 "Net-(J1-Pad3)")
  (net 5 CLCK)
  (net 6 DIN)
  (net 7 SDA)
  (net 8 SCL)
  (net 9 "Net-(J1-Pad10)")
  (net 10 "Net-(J4-Pad8)")
  (net 11 GNDREF)
  (net 12 "Net-(100nF1-Pad1)")
  (net 13 "Net-(100nF1-Pad2)")
  (net 14 +1V8)
  (net 15 "Net-(10K1-Pad1)")
  (net 16 VIN)
  (net 17 "Net-(1uH1-Pad2)")
  (net 18 "Net-(C2-Pad1)")
  (net 19 "Net-(C3-Pad1)")
  (net 20 "Net-(C7-Pad2)")
  (net 21 SPK_P)
  (net 22 SPK_N)
  (net 23 "Net-(TP1-Pad1)")
  (net 24 "Net-(TP2-Pad1)")
  (net 25 "Net-(TP3-Pad1)")
  (net 26 "Net-(JP1-Pad2)")
  (net 27 "Net-(JP2-Pad2)")

  (net_class Default "This is the default net class."
    (clearance 0.1)
    (trace_width 0.15)
    (via_dia 0.4)
    (via_drill 0.2)
    (uvia_dia 0.3)
    (uvia_drill 0.1)
    (add_net +1V8)
    (add_net 5v_Ext)
    (add_net CLCK)
    (add_net DIN)
    (add_net GNDREF)
    (add_net "Net-(100nF1-Pad1)")
    (add_net "Net-(100nF1-Pad2)")
    (add_net "Net-(10K1-Pad1)")
    (add_net "Net-(1uH1-Pad2)")
    (add_net "Net-(C2-Pad1)")
    (add_net "Net-(C3-Pad1)")
    (add_net "Net-(C7-Pad2)")
    (add_net "Net-(J1-Pad10)")
    (add_net "Net-(J1-Pad3)")
    (add_net "Net-(J4-Pad8)")
    (add_net "Net-(JP1-Pad2)")
    (add_net "Net-(JP2-Pad2)")
    (add_net "Net-(TP1-Pad1)")
    (add_net "Net-(TP2-Pad1)")
    (add_net "Net-(TP3-Pad1)")
    (add_net SCL)
    (add_net SDA)
    (add_net SPK_N)
    (add_net SPK_P)
    (add_net VIN)
    (add_net WCLK)
    (add_net ~SHUTDOWN)
  )

  (net_class maxCap ""
    (clearance 0.15)
    (trace_width 0.15)
    (via_dia 0.3)
    (via_drill 0.1)
    (uvia_dia 0.3)
    (uvia_drill 0.1)
  )

  (module logos:rodaawana (layer F.Cu) (tedit 5CEAAD73) (tstamp 5CEAAD9C)
    (at 157.734 82.8675)
    (fp_text reference G*** (at -0.9525 4.2545) (layer F.SilkS) hide
      (effects (font (size 1.524 1.524) (thickness 0.3)))
    )
    (fp_text value LOGO (at -1.016 6.731) (layer F.SilkS) hide
      (effects (font (size 1.524 1.524) (thickness 0.3)))
    )
    (fp_poly (pts (xy 0.117885 -4.116071) (xy 0.156105 -4.110821) (xy 0.312471 -4.078434) (xy 0.459491 -4.029172)
      (xy 0.612327 -3.957412) (xy 0.6985 -3.909705) (xy 0.761559 -3.873289) (xy 0.854051 -3.819814)
      (xy 0.968781 -3.753442) (xy 1.098553 -3.678337) (xy 1.236171 -3.598663) (xy 1.3335 -3.542297)
      (xy 1.478286 -3.458601) (xy 1.625807 -3.373617) (xy 1.767496 -3.292261) (xy 1.894783 -3.219447)
      (xy 1.999101 -3.160091) (xy 2.04644 -3.133353) (xy 2.242481 -3.011271) (xy 2.401618 -2.884257)
      (xy 2.529265 -2.746281) (xy 2.630838 -2.591309) (xy 2.711751 -2.413308) (xy 2.724805 -2.377606)
      (xy 2.783417 -2.211916) (xy 2.783417 -1.11125) (xy 2.783392 -0.855519) (xy 2.783049 -0.638135)
      (xy 2.781987 -0.455113) (xy 2.779803 -0.302468) (xy 2.776097 -0.176212) (xy 2.770467 -0.072362)
      (xy 2.762511 0.01307) (xy 2.751827 0.084068) (xy 2.738013 0.144619) (xy 2.720668 0.198708)
      (xy 2.699391 0.250321) (xy 2.67378 0.303443) (xy 2.643432 0.362061) (xy 2.632922 0.38212)
      (xy 2.571968 0.485021) (xy 2.499108 0.580276) (xy 2.409689 0.671761) (xy 2.299065 0.763354)
      (xy 2.162583 0.858931) (xy 1.995596 0.962371) (xy 1.80975 1.06852) (xy 1.692531 1.134261)
      (xy 1.551502 1.214414) (xy 1.399242 1.301768) (xy 1.248333 1.389108) (xy 1.132417 1.456836)
      (xy 0.963244 1.555867) (xy 0.825262 1.635667) (xy 0.713424 1.698896) (xy 0.622685 1.748215)
      (xy 0.548002 1.786283) (xy 0.48433 1.815761) (xy 0.426623 1.839309) (xy 0.369837 1.859586)
      (xy 0.366465 1.860718) (xy 0.226917 1.894979) (xy 0.069482 1.913614) (xy -0.08804 1.915585)
      (xy -0.227849 1.899852) (xy -0.244224 1.896355) (xy -0.344132 1.868676) (xy -0.451297 1.828624)
      (xy -0.571991 1.773255) (xy -0.71249 1.699623) (xy -0.879068 1.604782) (xy -0.932788 1.573105)
      (xy -1.0515 1.503234) (xy -1.19323 1.42071) (xy -1.344073 1.333577) (xy -1.49012 1.249882)
      (xy -1.566333 1.206548) (xy -1.745166 1.10504) (xy -1.891273 1.02156) (xy -2.008903 0.953522)
      (xy -2.102302 0.898335) (xy -2.175719 0.853413) (xy -2.233401 0.816166) (xy -2.279595 0.784007)
      (xy -2.318551 0.754345) (xy -2.347625 0.73045) (xy -2.500439 0.57795) (xy -2.623709 0.401397)
      (xy -2.659367 0.335981) (xy -2.685722 0.283255) (xy -2.708057 0.233464) (xy -2.726705 0.182707)
      (xy -2.741997 0.127081) (xy -2.754266 0.062686) (xy -2.763843 -0.014382) (xy -2.77106 -0.108023)
      (xy -2.77625 -0.222141) (xy -2.776519 -0.232833) (xy -1.651 -0.232833) (xy -1.185333 -0.232833)
      (xy -1.185333 -0.846666) (xy -1.132154 -0.846666) (xy -1.108415 -0.842915) (xy -1.08391 -0.828756)
      (xy -1.055453 -0.799833) (xy -1.019861 -0.75179) (xy -0.973949 -0.680271) (xy -0.91453 -0.580918)
      (xy -0.838421 -0.449375) (xy -0.826528 -0.428625) (xy -0.714405 -0.232833) (xy -0.452453 -0.232833)
      (xy -0.352758 -0.233766) (xy -0.270524 -0.236313) (xy -0.213807 -0.240093) (xy -0.197402 -0.243379)
      (xy -0.088121 -0.243379) (xy -0.087998 -0.24322) (xy -0.063959 -0.239146) (xy -0.006341 -0.235822)
      (xy 0.076103 -0.233601) (xy 0.17011 -0.232833) (xy 0.417831 -0.232833) (xy 0.443773 -0.333375)
      (xy 0.464162 -0.406964) (xy 0.484779 -0.473208) (xy 0.491425 -0.492125) (xy 0.513136 -0.550333)
      (xy 1.056415 -0.550333) (xy 1.070147 -0.477137) (xy 1.086972 -0.405479) (xy 1.109447 -0.329555)
      (xy 1.111436 -0.323679) (xy 1.138994 -0.243416) (xy 1.397519 -0.237453) (xy 1.509403 -0.235782)
      (xy 1.584465 -0.237173) (xy 1.628137 -0.242087) (xy 1.645852 -0.250988) (xy 1.646215 -0.25862)
      (xy 1.637672 -0.284016) (xy 1.617362 -0.34526) (xy 1.586726 -0.437979) (xy 1.547206 -0.557802)
      (xy 1.500243 -0.700355) (xy 1.447281 -0.861268) (xy 1.389759 -1.036167) (xy 1.363235 -1.116858)
      (xy 1.090083 -1.947965) (xy 0.772583 -1.942358) (xy 0.455083 -1.93675) (xy 0.40625 -1.788583)
      (xy 0.307552 -1.488844) (xy 0.221595 -1.227183) (xy 0.147717 -1.001527) (xy 0.085255 -0.809799)
      (xy 0.033543 -0.649925) (xy -0.008081 -0.519828) (xy -0.040281 -0.417434) (xy -0.063722 -0.340668)
      (xy -0.079066 -0.287453) (xy -0.086978 -0.255715) (xy -0.088121 -0.243379) (xy -0.197402 -0.243379)
      (xy -0.190662 -0.244729) (xy -0.1905 -0.245163) (xy -0.201747 -0.265734) (xy -0.233104 -0.315863)
      (xy -0.280996 -0.390021) (xy -0.341845 -0.482681) (xy -0.412077 -0.588313) (xy -0.423333 -0.605134)
      (xy -0.494628 -0.712021) (xy -0.557099 -0.806515) (xy -0.607177 -0.883148) (xy -0.641294 -0.936455)
      (xy -0.655883 -0.960969) (xy -0.656167 -0.961841) (xy -0.642292 -0.980033) (xy -0.605571 -1.019956)
      (xy -0.553354 -1.073674) (xy -0.542006 -1.085067) (xy -0.478806 -1.152411) (xy -0.439652 -1.208039)
      (xy -0.415685 -1.266868) (xy -0.402922 -1.319281) (xy -0.38878 -1.470511) (xy -0.412952 -1.603877)
      (xy -0.475514 -1.719689) (xy -0.51676 -1.766707) (xy -0.57163 -1.817211) (xy -0.627233 -1.856497)
      (xy -0.689961 -1.886131) (xy -0.766207 -1.907677) (xy -0.862363 -1.922699) (xy -0.984821 -1.932763)
      (xy -1.139973 -1.939432) (xy -1.232958 -1.942012) (xy -1.651 -1.952276) (xy -1.651 -0.232833)
      (xy -2.776519 -0.232833) (xy -2.779744 -0.360636) (xy -2.781875 -0.527411) (xy -2.782974 -0.726367)
      (xy -2.783374 -0.961408) (xy -2.783417 -1.121833) (xy -2.783384 -1.361991) (xy -2.783177 -1.563772)
      (xy -2.782638 -1.731131) (xy -2.781607 -1.868024) (xy -2.779923 -1.978406) (xy -2.777426 -2.066235)
      (xy -2.773958 -2.135464) (xy -2.769357 -2.19005) (xy -2.763465 -2.233949) (xy -2.756121 -2.271117)
      (xy -2.747166 -2.305509) (xy -2.736439 -2.341081) (xy -2.733813 -2.3495) (xy -2.659396 -2.538937)
      (xy -2.559713 -2.706101) (xy -2.430609 -2.855734) (xy -2.267932 -2.992582) (xy -2.067527 -3.121387)
      (xy -2.048582 -3.132138) (xy -1.961189 -3.181616) (xy -1.845806 -3.247431) (xy -1.711042 -3.324646)
      (xy -1.565506 -3.408324) (xy -1.417806 -3.493525) (xy -1.3335 -3.542297) (xy -1.194671 -3.622693)
      (xy -1.058643 -3.701438) (xy -0.93261 -3.77437) (xy -0.823769 -3.837326) (xy -0.739315 -3.886142)
      (xy -0.6985 -3.909705) (xy -0.481905 -4.018732) (xy -0.27613 -4.088884) (xy -0.077444 -4.121037)
      (xy 0.117885 -4.116071)) (layer F.SilkS) (width 0.01))
    (fp_poly (pts (xy -1.055967 -1.579076) (xy -0.986791 -1.561845) (xy -0.929293 -1.537563) (xy -0.908641 -1.522474)
      (xy -0.876897 -1.464552) (xy -0.868948 -1.389744) (xy -0.886528 -1.317295) (xy -0.889628 -1.311161)
      (xy -0.936744 -1.261407) (xy -1.010437 -1.224224) (xy -1.095274 -1.206935) (xy -1.110199 -1.2065)
      (xy -1.185333 -1.2065) (xy -1.185333 -1.385167) (xy -1.182738 -1.474365) (xy -1.175647 -1.540749)
      (xy -1.1651 -1.575475) (xy -1.162664 -1.577845) (xy -1.120149 -1.58562) (xy -1.055967 -1.579076)) (layer F.SilkS) (width 0.01))
    (fp_poly (pts (xy 0.789403 -1.552549) (xy 0.806471 -1.496044) (xy 0.828196 -1.41661) (xy 0.852433 -1.322952)
      (xy 0.877035 -1.223774) (xy 0.899859 -1.127784) (xy 0.918759 -1.043685) (xy 0.931589 -0.980184)
      (xy 0.936205 -0.945986) (xy 0.935568 -0.942624) (xy 0.908071 -0.935393) (xy 0.852942 -0.931812)
      (xy 0.783758 -0.931583) (xy 0.714098 -0.934408) (xy 0.657539 -0.939988) (xy 0.627659 -0.948026)
      (xy 0.626322 -0.949416) (xy 0.627129 -0.97433) (xy 0.636611 -1.029869) (xy 0.652729 -1.107663)
      (xy 0.673447 -1.199342) (xy 0.696729 -1.296534) (xy 0.720536 -1.390869) (xy 0.742833 -1.473976)
      (xy 0.761583 -1.537484) (xy 0.774747 -1.573022) (xy 0.779138 -1.577418) (xy 0.789403 -1.552549)) (layer F.SilkS) (width 0.01))
  )

  (module tas2562_dev_pcb:bga36tas placed (layer F.Cu) (tedit 5CEA8DB2) (tstamp 5CEAD2B5)
    (at 161.4 102.6)
    (path /5CE77B0A)
    (fp_text reference U2 (at 0.0678 -2.2446) (layer F.SilkS)
      (effects (font (size 1 1) (thickness 0.15)))
    )
    (fp_text value TAS2562 (at -0.508 4.572) (layer F.SilkS)
      (effects (font (size 1 1) (thickness 0.15)))
    )
    (fp_line (start 1.654 1.654) (end -1.654 1.654) (layer F.CrtYd) (width 0.1524))
    (fp_line (start 1.654 -1.654) (end 1.654 1.654) (layer F.CrtYd) (width 0.1524))
    (fp_line (start -1.654 -1.654) (end 1.654 -1.654) (layer F.CrtYd) (width 0.1524))
    (fp_line (start -1.654 1.654) (end -1.654 -1.654) (layer F.CrtYd) (width 0.1524))
    (fp_line (start -1.4 -1.4) (end -1.4 1.4) (layer F.Fab) (width 0.1524))
    (fp_line (start 1.4 -1.4) (end -1.4 -1.4) (layer F.Fab) (width 0.1524))
    (fp_line (start 1.4 1.4) (end 1.4 -1.4) (layer F.Fab) (width 0.1524))
    (fp_line (start -1.4 1.4) (end 1.4 1.4) (layer F.Fab) (width 0.1524))
    (fp_line (start -1.527 -1.527) (end -1.527 1.527) (layer F.SilkS) (width 0.1524))
    (fp_line (start 1.527 -1.527) (end -1.527 -1.527) (layer F.SilkS) (width 0.1524))
    (fp_line (start 1.527 1.527) (end 1.527 -1.527) (layer F.SilkS) (width 0.1524))
    (fp_line (start -1.527 1.527) (end 1.527 1.527) (layer F.SilkS) (width 0.1524))
    (fp_line (start -1.2 -1.4) (end -1.4 -1.2) (layer F.Fab) (width 0.1524))
    (fp_line (start 0.599948 1.48514) (end 0.599948 1.654) (layer F.SilkS) (width 0.1524))
    (fp_line (start 0.599948 -1.48514) (end 0.599948 -1.654) (layer F.SilkS) (width 0.1524))
    (fp_line (start 1.48514 0.599948) (end 1.654 0.599948) (layer F.SilkS) (width 0.1524))
    (fp_line (start -1.48514 0.599948) (end -1.654 0.599948) (layer F.SilkS) (width 0.1524))
    (fp_circle (center -1.775 -1.75) (end -1.8 -1.825) (layer F.SilkS) (width 0.12))
    (pad F6 smd circle (at 1 1) (size 0.23 0.23) (layers F.Cu F.Paste F.Mask)
      (net 12 "Net-(100nF1-Pad1)") (solder_mask_margin 0.05) (clearance 0.05))
    (pad F5 smd circle (at 0.6 1) (size 0.23 0.23) (layers F.Cu F.Paste F.Mask)
      (net 12 "Net-(100nF1-Pad1)") (solder_mask_margin 0.05) (clearance 0.05))
    (pad F4 smd circle (at 0.2 1) (size 0.23 0.23) (layers F.Cu F.Paste F.Mask)
      (net 12 "Net-(100nF1-Pad1)") (solder_mask_margin 0.05) (clearance 0.05))
    (pad F3 smd circle (at -0.2 1) (size 0.23 0.23) (layers F.Cu F.Paste F.Mask)
      (net 12 "Net-(100nF1-Pad1)") (solder_mask_margin 0.05) (clearance 0.05))
    (pad F2 smd circle (at -0.6 1) (size 0.23 0.23) (layers F.Cu F.Paste F.Mask)
      (net 12 "Net-(100nF1-Pad1)") (solder_mask_margin 0.05) (clearance 0.05))
    (pad F1 smd circle (at -1 1) (size 0.23 0.23) (layers F.Cu F.Paste F.Mask)
      (net 12 "Net-(100nF1-Pad1)") (solder_mask_margin 0.05) (clearance 0.05))
    (pad E6 smd circle (at 1 0.6) (size 0.23 0.23) (layers F.Cu F.Paste F.Mask)
      (net 22 SPK_N) (solder_mask_margin 0.05) (clearance 0.05))
    (pad E5 smd circle (at 0.6 0.6) (size 0.23 0.23) (layers F.Cu F.Paste F.Mask)
      (net 21 SPK_P) (solder_mask_margin 0.05) (clearance 0.05))
    (pad E4 smd circle (at 0.2 0.6) (size 0.23 0.23) (layers F.Cu F.Paste F.Mask)
      (net 11 GNDREF) (solder_mask_margin 0.05) (clearance 0.05))
    (pad E3 smd circle (at -0.2 0.6) (size 0.23 0.23) (layers F.Cu F.Paste F.Mask)
      (net 17 "Net-(1uH1-Pad2)") (solder_mask_margin 0.05) (clearance 0.05))
    (pad E2 smd circle (at -0.6 0.6) (size 0.23 0.23) (layers F.Cu F.Paste F.Mask)
      (net 17 "Net-(1uH1-Pad2)") (solder_mask_margin 0.05) (clearance 0.05))
    (pad E1 smd circle (at -1 0.6) (size 0.23 0.23) (layers F.Cu F.Paste F.Mask)
      (net 17 "Net-(1uH1-Pad2)") (solder_mask_margin 0.05) (clearance 0.05))
    (pad D6 smd circle (at 1 0.2) (size 0.23 0.23) (layers F.Cu F.Paste F.Mask)
      (net 11 GNDREF) (solder_mask_margin 0.05) (clearance 0.05))
    (pad D5 smd circle (at 0.6 0.2) (size 0.23 0.23) (layers F.Cu F.Paste F.Mask)
      (net 11 GNDREF) (solder_mask_margin 0.05) (clearance 0.05))
    (pad D4 smd circle (at 0.2 0.2) (size 0.23 0.23) (layers F.Cu F.Paste F.Mask)
      (net 11 GNDREF) (solder_mask_margin 0.05) (clearance 0.05))
    (pad D3 smd circle (at -0.2 0.2) (size 0.23 0.23) (layers F.Cu F.Paste F.Mask)
      (net 11 GNDREF) (solder_mask_margin 0.05) (clearance 0.05))
    (pad D2 smd circle (at -0.6 0.2) (size 0.23 0.23) (layers F.Cu F.Paste F.Mask)
      (net 11 GNDREF) (solder_mask_margin 0.05) (clearance 0.05))
    (pad D1 smd circle (at -1 0.2) (size 0.23 0.23) (layers F.Cu F.Paste F.Mask)
      (net 11 GNDREF) (solder_mask_margin 0.05) (clearance 0.05))
    (pad C6 smd circle (at 1 -0.2) (size 0.23 0.23) (layers F.Cu F.Paste F.Mask)
      (net 25 "Net-(TP3-Pad1)") (solder_mask_margin 0.05) (clearance 0.05))
    (pad C5 smd circle (at 0.6 -0.2) (size 0.23 0.23) (layers F.Cu F.Paste F.Mask)
      (net 18 "Net-(C2-Pad1)") (solder_mask_margin 0.05) (clearance 0.05))
    (pad C4 smd circle (at 0.2 -0.2) (size 0.23 0.23) (layers F.Cu F.Paste F.Mask)
      (net 13 "Net-(100nF1-Pad2)") (solder_mask_margin 0.05) (clearance 0.05))
    (pad C3 smd circle (at -0.2 -0.2) (size 0.23 0.23) (layers F.Cu F.Paste F.Mask)
      (net 19 "Net-(C3-Pad1)") (solder_mask_margin 0.05) (clearance 0.05))
    (pad C2 smd circle (at -0.6 -0.2) (size 0.23 0.23) (layers F.Cu F.Paste F.Mask)
      (net 16 VIN) (solder_mask_margin 0.05) (clearance 0.05))
    (pad C1 smd circle (at -1 -0.2) (size 0.23 0.23) (layers F.Cu F.Paste F.Mask)
      (net 16 VIN) (solder_mask_margin 0.05) (clearance 0.05))
    (pad B6 smd circle (at 1 -0.6) (size 0.23 0.23) (layers F.Cu F.Paste F.Mask)
      (net 14 +1V8) (solder_mask_margin 0.05) (clearance 0.05))
    (pad B5 smd circle (at 0.6 -0.6) (size 0.23 0.23) (layers F.Cu F.Paste F.Mask)
      (net 24 "Net-(TP2-Pad1)") (solder_mask_margin 0.05) (clearance 0.05))
    (pad B4 smd circle (at 0.2 -0.6) (size 0.23 0.23) (layers F.Cu F.Paste F.Mask)
      (net 26 "Net-(JP1-Pad2)") (solder_mask_margin 0.05) (clearance 0.05))
    (pad B3 smd circle (at -0.2 -0.6) (size 0.23 0.23) (layers F.Cu F.Paste F.Mask)
      (net 27 "Net-(JP2-Pad2)") (solder_mask_margin 0.05) (clearance 0.05))
    (pad B2 smd circle (at -0.6 -0.6) (size 0.23 0.23) (layers F.Cu F.Paste F.Mask)
      (net 6 DIN) (solder_mask_margin 0.05) (clearance 0.05))
    (pad B1 smd circle (at -1 -0.6) (size 0.23 0.23) (layers F.Cu F.Paste F.Mask)
      (net 23 "Net-(TP1-Pad1)") (solder_mask_margin 0.05) (clearance 0.05))
    (pad A6 smd circle (at 1 -1) (size 0.23 0.23) (layers F.Cu F.Paste F.Mask)
      (net 20 "Net-(C7-Pad2)") (solder_mask_margin 0.05) (clearance 0.05))
    (pad A5 smd circle (at 0.6 -1) (size 0.23 0.23) (layers F.Cu F.Paste F.Mask)
      (net 7 SDA) (clearance 0.05))
    (pad A4 smd circle (at 0.2 -1) (size 0.23 0.23) (layers F.Cu F.Paste F.Mask)
      (net 8 SCL) (solder_mask_margin 0.05) (clearance 0.05))
    (pad A3 smd circle (at -0.2 -1) (size 0.23 0.23) (layers F.Cu F.Paste F.Mask)
      (net 3 WCLK) (solder_mask_margin 0.05) (clearance 0.05))
    (pad A2 smd circle (at -0.6 -1) (size 0.23 0.23) (layers F.Cu F.Paste F.Mask)
      (net 5 CLCK) (solder_mask_margin 0.05) (clearance 0.05))
    (pad A1 smd circle (at -1 -1) (size 0.23 0.23) (layers F.Cu F.Paste F.Mask)
      (net 15 "Net-(10K1-Pad1)") (solder_mask_margin 0.05) (clearance 0.05))
  )

  (module Connector_PinHeader_2.54mm:PinHeader_1x10_P2.54mm_Vertical locked (layer F.Cu) (tedit 59FED5CC) (tstamp 5CE83A74)
    (at 148.9964 103.124 180)
    (descr "Through hole straight pin header, 1x10, 2.54mm pitch, single row")
    (tags "Through hole pin header THT 1x10 2.54mm single row")
    (path /5CF5D57D)
    (fp_text reference J1 (at 0 -2.33) (layer F.SilkS)
      (effects (font (size 1 1) (thickness 0.15)))
    )
    (fp_text value Conn_01x10_Female (at 0 25.19) (layer F.Fab)
      (effects (font (size 1 1) (thickness 0.15)))
    )
    (fp_text user %R (at 0 11.43 90) (layer F.Fab)
      (effects (font (size 1 1) (thickness 0.15)))
    )
    (fp_line (start 1.8 -1.8) (end -1.8 -1.8) (layer F.CrtYd) (width 0.05))
    (fp_line (start 1.8 24.65) (end 1.8 -1.8) (layer F.CrtYd) (width 0.05))
    (fp_line (start -1.8 24.65) (end 1.8 24.65) (layer F.CrtYd) (width 0.05))
    (fp_line (start -1.8 -1.8) (end -1.8 24.65) (layer F.CrtYd) (width 0.05))
    (fp_line (start -1.33 -1.33) (end 0 -1.33) (layer F.SilkS) (width 0.12))
    (fp_line (start -1.33 0) (end -1.33 -1.33) (layer F.SilkS) (width 0.12))
    (fp_line (start -1.33 1.27) (end 1.33 1.27) (layer F.SilkS) (width 0.12))
    (fp_line (start 1.33 1.27) (end 1.33 24.19) (layer F.SilkS) (width 0.12))
    (fp_line (start -1.33 1.27) (end -1.33 24.19) (layer F.SilkS) (width 0.12))
    (fp_line (start -1.33 24.19) (end 1.33 24.19) (layer F.SilkS) (width 0.12))
    (fp_line (start -1.27 -0.635) (end -0.635 -1.27) (layer F.Fab) (width 0.1))
    (fp_line (start -1.27 24.13) (end -1.27 -0.635) (layer F.Fab) (width 0.1))
    (fp_line (start 1.27 24.13) (end -1.27 24.13) (layer F.Fab) (width 0.1))
    (fp_line (start 1.27 -1.27) (end 1.27 24.13) (layer F.Fab) (width 0.1))
    (fp_line (start -0.635 -1.27) (end 1.27 -1.27) (layer F.Fab) (width 0.1))
    (pad 10 thru_hole oval (at 0 22.86 180) (size 1.7 1.7) (drill 1) (layers *.Cu *.Mask)
      (net 9 "Net-(J1-Pad10)"))
    (pad 9 thru_hole oval (at 0 20.32 180) (size 1.7 1.7) (drill 1) (layers *.Cu *.Mask)
      (net 2 5v_Ext))
    (pad 8 thru_hole oval (at 0 17.78 180) (size 1.7 1.7) (drill 1) (layers *.Cu *.Mask)
      (net 1 ~SHUTDOWN))
    (pad 7 thru_hole oval (at 0 15.24 180) (size 1.7 1.7) (drill 1) (layers *.Cu *.Mask)
      (net 8 SCL))
    (pad 6 thru_hole oval (at 0 12.7 180) (size 1.7 1.7) (drill 1) (layers *.Cu *.Mask)
      (net 7 SDA))
    (pad 5 thru_hole oval (at 0 10.16 180) (size 1.7 1.7) (drill 1) (layers *.Cu *.Mask)
      (net 6 DIN))
    (pad 4 thru_hole oval (at 0 7.62 180) (size 1.7 1.7) (drill 1) (layers *.Cu *.Mask)
      (net 5 CLCK))
    (pad 3 thru_hole oval (at 0 5.08 180) (size 1.7 1.7) (drill 1) (layers *.Cu *.Mask)
      (net 4 "Net-(J1-Pad3)"))
    (pad 2 thru_hole oval (at 0 2.54 180) (size 1.7 1.7) (drill 1) (layers *.Cu *.Mask)
      (net 3 WCLK))
    (pad 1 thru_hole rect (at 0 0 180) (size 1.7 1.7) (drill 1) (layers *.Cu *.Mask)
      (net 11 GNDREF))
    (model ${KISYS3DMOD}/Connector_PinHeader_2.54mm.3dshapes/PinHeader_1x10_P2.54mm_Vertical.wrl
      (offset (xyz 0 0 -1.5))
      (scale (xyz 1 1 1))
      (rotate (xyz 0 180 0))
    )
  )

  (module Connector_PinHeader_2.54mm:PinHeader_1x10_P2.54mm_Vertical locked (layer F.Cu) (tedit 59FED5CC) (tstamp 5CE83B07)
    (at 172.974 80.264)
    (descr "Through hole straight pin header, 1x10, 2.54mm pitch, single row")
    (tags "Through hole pin header THT 1x10 2.54mm single row")
    (path /5CFD46B6)
    (fp_text reference J4 (at -0.0508 -1.5748) (layer F.SilkS)
      (effects (font (size 1 1) (thickness 0.15)))
    )
    (fp_text value Conn_01x10_Female (at 0 25.19) (layer F.Fab)
      (effects (font (size 1 1) (thickness 0.15)))
    )
    (fp_text user %R (at 0 11.43 90) (layer F.Fab)
      (effects (font (size 1 1) (thickness 0.15)))
    )
    (fp_line (start 1.8 -1.8) (end -1.8 -1.8) (layer F.CrtYd) (width 0.05))
    (fp_line (start 1.8 24.65) (end 1.8 -1.8) (layer F.CrtYd) (width 0.05))
    (fp_line (start -1.8 24.65) (end 1.8 24.65) (layer F.CrtYd) (width 0.05))
    (fp_line (start -1.8 -1.8) (end -1.8 24.65) (layer F.CrtYd) (width 0.05))
    (fp_line (start -1.33 -1.33) (end 0 -1.33) (layer F.SilkS) (width 0.12))
    (fp_line (start -1.33 0) (end -1.33 -1.33) (layer F.SilkS) (width 0.12))
    (fp_line (start -1.33 1.27) (end 1.33 1.27) (layer F.SilkS) (width 0.12))
    (fp_line (start 1.33 1.27) (end 1.33 24.19) (layer F.SilkS) (width 0.12))
    (fp_line (start -1.33 1.27) (end -1.33 24.19) (layer F.SilkS) (width 0.12))
    (fp_line (start -1.33 24.19) (end 1.33 24.19) (layer F.SilkS) (width 0.12))
    (fp_line (start -1.27 -0.635) (end -0.635 -1.27) (layer F.Fab) (width 0.1))
    (fp_line (start -1.27 24.13) (end -1.27 -0.635) (layer F.Fab) (width 0.1))
    (fp_line (start 1.27 24.13) (end -1.27 24.13) (layer F.Fab) (width 0.1))
    (fp_line (start 1.27 -1.27) (end 1.27 24.13) (layer F.Fab) (width 0.1))
    (fp_line (start -0.635 -1.27) (end 1.27 -1.27) (layer F.Fab) (width 0.1))
    (pad 10 thru_hole oval (at 0 22.86) (size 1.7 1.7) (drill 1) (layers *.Cu *.Mask)
      (net 11 GNDREF))
    (pad 9 thru_hole oval (at 0 20.32) (size 1.7 1.7) (drill 1) (layers *.Cu *.Mask)
      (net 3 WCLK))
    (pad 8 thru_hole oval (at 0 17.78) (size 1.7 1.7) (drill 1) (layers *.Cu *.Mask)
      (net 10 "Net-(J4-Pad8)"))
    (pad 7 thru_hole oval (at 0 15.24) (size 1.7 1.7) (drill 1) (layers *.Cu *.Mask)
      (net 5 CLCK))
    (pad 6 thru_hole oval (at 0 12.7) (size 1.7 1.7) (drill 1) (layers *.Cu *.Mask)
      (net 6 DIN))
    (pad 5 thru_hole oval (at 0 10.16) (size 1.7 1.7) (drill 1) (layers *.Cu *.Mask)
      (net 7 SDA))
    (pad 4 thru_hole oval (at 0 7.62) (size 1.7 1.7) (drill 1) (layers *.Cu *.Mask)
      (net 8 SCL))
    (pad 3 thru_hole oval (at 0 5.08) (size 1.7 1.7) (drill 1) (layers *.Cu *.Mask)
      (net 1 ~SHUTDOWN))
    (pad 2 thru_hole oval (at 0 2.54) (size 1.7 1.7) (drill 1) (layers *.Cu *.Mask)
      (net 2 5v_Ext))
    (pad 1 thru_hole rect (at 0 0) (size 1.7 1.7) (drill 1) (layers *.Cu *.Mask)
      (net 9 "Net-(J1-Pad10)"))
    (model ${KISYS3DMOD}/Connector_PinHeader_2.54mm.3dshapes/PinHeader_1x10_P2.54mm_Vertical.wrl
      (offset (xyz 0 0 -1.5))
      (scale (xyz 1 1 1))
      (rotate (xyz 0 180 0))
    )
  )

  (module Resistor_SMD:R_0805_2012Metric placed (layer F.Cu) (tedit 5B36C52B) (tstamp 5CEA608D)
    (at 160.528 94.4095 90)
    (descr "Resistor SMD 0805 (2012 Metric), square (rectangular) end terminal, IPC_7351 nominal, (Body size source: https://docs.google.com/spreadsheets/d/1BsfQQcO9C6DZCsRaXUlFlo91Tg2WpOkGARC1WS5S8t0/edit?usp=sharing), generated with kicad-footprint-generator")
    (tags resistor)
    (path /5CED8759)
    (attr smd)
    (fp_text reference 10K1 (at 0 -1.65 90) (layer F.SilkS)
      (effects (font (size 1 1) (thickness 0.15)))
    )
    (fp_text value DNP (at 0 1.65 90) (layer F.Fab)
      (effects (font (size 1 1) (thickness 0.15)))
    )
    (fp_text user %R (at 0 0 90) (layer F.Fab)
      (effects (font (size 0.5 0.5) (thickness 0.08)))
    )
    (fp_line (start 1.68 0.95) (end -1.68 0.95) (layer F.CrtYd) (width 0.05))
    (fp_line (start 1.68 -0.95) (end 1.68 0.95) (layer F.CrtYd) (width 0.05))
    (fp_line (start -1.68 -0.95) (end 1.68 -0.95) (layer F.CrtYd) (width 0.05))
    (fp_line (start -1.68 0.95) (end -1.68 -0.95) (layer F.CrtYd) (width 0.05))
    (fp_line (start -0.258578 0.71) (end 0.258578 0.71) (layer F.SilkS) (width 0.12))
    (fp_line (start -0.258578 -0.71) (end 0.258578 -0.71) (layer F.SilkS) (width 0.12))
    (fp_line (start 1 0.6) (end -1 0.6) (layer F.Fab) (width 0.1))
    (fp_line (start 1 -0.6) (end 1 0.6) (layer F.Fab) (width 0.1))
    (fp_line (start -1 -0.6) (end 1 -0.6) (layer F.Fab) (width 0.1))
    (fp_line (start -1 0.6) (end -1 -0.6) (layer F.Fab) (width 0.1))
    (pad 2 smd roundrect (at 0.9375 0 90) (size 0.975 1.4) (layers F.Cu F.Paste F.Mask) (roundrect_rratio 0.25)
      (net 14 +1V8))
    (pad 1 smd roundrect (at -0.9375 0 90) (size 0.975 1.4) (layers F.Cu F.Paste F.Mask) (roundrect_rratio 0.25)
      (net 15 "Net-(10K1-Pad1)"))
    (model ${KISYS3DMOD}/Resistor_SMD.3dshapes/R_0805_2012Metric.wrl
      (at (xyz 0 0 0))
      (scale (xyz 1 1 1))
      (rotate (xyz 0 0 0))
    )
  )

  (module Resistor_SMD:R_0805_2012Metric placed (layer F.Cu) (tedit 5B36C52B) (tstamp 5CEA609E)
    (at 157.734 90.5995 90)
    (descr "Resistor SMD 0805 (2012 Metric), square (rectangular) end terminal, IPC_7351 nominal, (Body size source: https://docs.google.com/spreadsheets/d/1BsfQQcO9C6DZCsRaXUlFlo91Tg2WpOkGARC1WS5S8t0/edit?usp=sharing), generated with kicad-footprint-generator")
    (tags resistor)
    (path /5CF78AA7)
    (attr smd)
    (fp_text reference 10K2 (at 0 -1.65 90) (layer F.SilkS)
      (effects (font (size 1 1) (thickness 0.15)))
    )
    (fp_text value DNP (at 0 1.65 90) (layer F.Fab)
      (effects (font (size 1 1) (thickness 0.15)))
    )
    (fp_line (start -1 0.6) (end -1 -0.6) (layer F.Fab) (width 0.1))
    (fp_line (start -1 -0.6) (end 1 -0.6) (layer F.Fab) (width 0.1))
    (fp_line (start 1 -0.6) (end 1 0.6) (layer F.Fab) (width 0.1))
    (fp_line (start 1 0.6) (end -1 0.6) (layer F.Fab) (width 0.1))
    (fp_line (start -0.258578 -0.71) (end 0.258578 -0.71) (layer F.SilkS) (width 0.12))
    (fp_line (start -0.258578 0.71) (end 0.258578 0.71) (layer F.SilkS) (width 0.12))
    (fp_line (start -1.68 0.95) (end -1.68 -0.95) (layer F.CrtYd) (width 0.05))
    (fp_line (start -1.68 -0.95) (end 1.68 -0.95) (layer F.CrtYd) (width 0.05))
    (fp_line (start 1.68 -0.95) (end 1.68 0.95) (layer F.CrtYd) (width 0.05))
    (fp_line (start 1.68 0.95) (end -1.68 0.95) (layer F.CrtYd) (width 0.05))
    (fp_text user %R (at 0 0 90) (layer F.Fab)
      (effects (font (size 0.5 0.5) (thickness 0.08)))
    )
    (pad 1 smd roundrect (at -0.9375 0 90) (size 0.975 1.4) (layers F.Cu F.Paste F.Mask) (roundrect_rratio 0.25)
      (net 15 "Net-(10K1-Pad1)"))
    (pad 2 smd roundrect (at 0.9375 0 90) (size 0.975 1.4) (layers F.Cu F.Paste F.Mask) (roundrect_rratio 0.25)
      (net 1 ~SHUTDOWN))
    (model ${KISYS3DMOD}/Resistor_SMD.3dshapes/R_0805_2012Metric.wrl
      (at (xyz 0 0 0))
      (scale (xyz 1 1 1))
      (rotate (xyz 0 0 0))
    )
  )

  (module Capacitor_SMD:C_0805_2012Metric placed (layer B.Cu) (tedit 5B36C52B) (tstamp 5CEA60BF)
    (at 167.386 87.2005 270)
    (descr "Capacitor SMD 0805 (2012 Metric), square (rectangular) end terminal, IPC_7351 nominal, (Body size source: https://docs.google.com/spreadsheets/d/1BsfQQcO9C6DZCsRaXUlFlo91Tg2WpOkGARC1WS5S8t0/edit?usp=sharing), generated with kicad-footprint-generator")
    (tags capacitor)
    (path /5CE89852)
    (attr smd)
    (fp_text reference C1 (at 0 1.65 270) (layer B.SilkS)
      (effects (font (size 1 1) (thickness 0.15)) (justify mirror))
    )
    (fp_text value 10uF (at 0 -1.65 90) (layer B.Fab)
      (effects (font (size 1 1) (thickness 0.15)) (justify mirror))
    )
    (fp_text user %R (at 0 0 270) (layer B.Fab)
      (effects (font (size 0.5 0.5) (thickness 0.08)) (justify mirror))
    )
    (fp_line (start 1.68 -0.95) (end -1.68 -0.95) (layer B.CrtYd) (width 0.05))
    (fp_line (start 1.68 0.95) (end 1.68 -0.95) (layer B.CrtYd) (width 0.05))
    (fp_line (start -1.68 0.95) (end 1.68 0.95) (layer B.CrtYd) (width 0.05))
    (fp_line (start -1.68 -0.95) (end -1.68 0.95) (layer B.CrtYd) (width 0.05))
    (fp_line (start -0.258578 -0.71) (end 0.258578 -0.71) (layer B.SilkS) (width 0.12))
    (fp_line (start -0.258578 0.71) (end 0.258578 0.71) (layer B.SilkS) (width 0.12))
    (fp_line (start 1 -0.6) (end -1 -0.6) (layer B.Fab) (width 0.1))
    (fp_line (start 1 0.6) (end 1 -0.6) (layer B.Fab) (width 0.1))
    (fp_line (start -1 0.6) (end 1 0.6) (layer B.Fab) (width 0.1))
    (fp_line (start -1 -0.6) (end -1 0.6) (layer B.Fab) (width 0.1))
    (pad 2 smd roundrect (at 0.9375 0 270) (size 0.975 1.4) (layers B.Cu B.Paste B.Mask) (roundrect_rratio 0.25)
      (net 11 GNDREF))
    (pad 1 smd roundrect (at -0.9375 0 270) (size 0.975 1.4) (layers B.Cu B.Paste B.Mask) (roundrect_rratio 0.25)
      (net 2 5v_Ext))
    (model ${KISYS3DMOD}/Capacitor_SMD.3dshapes/C_0805_2012Metric.wrl
      (at (xyz 0 0 0))
      (scale (xyz 1 1 1))
      (rotate (xyz 0 0 0))
    )
  )

  (module Capacitor_SMD:C_0805_2012Metric placed (layer B.Cu) (tedit 5B36C52B) (tstamp 5CEB017D)
    (at 163 112.2625 270)
    (descr "Capacitor SMD 0805 (2012 Metric), square (rectangular) end terminal, IPC_7351 nominal, (Body size source: https://docs.google.com/spreadsheets/d/1BsfQQcO9C6DZCsRaXUlFlo91Tg2WpOkGARC1WS5S8t0/edit?usp=sharing), generated with kicad-footprint-generator")
    (tags capacitor)
    (path /5CE6C13E)
    (attr smd)
    (fp_text reference C2 (at 0 1.65 270) (layer B.SilkS)
      (effects (font (size 1 1) (thickness 0.15)) (justify mirror))
    )
    (fp_text value 1nF (at 0 -1.65 270) (layer B.Fab)
      (effects (font (size 1 1) (thickness 0.15)) (justify mirror))
    )
    (fp_text user %R (at 0 0 270) (layer B.Fab)
      (effects (font (size 0.5 0.5) (thickness 0.08)) (justify mirror))
    )
    (fp_line (start 1.68 -0.95) (end -1.68 -0.95) (layer B.CrtYd) (width 0.05))
    (fp_line (start 1.68 0.95) (end 1.68 -0.95) (layer B.CrtYd) (width 0.05))
    (fp_line (start -1.68 0.95) (end 1.68 0.95) (layer B.CrtYd) (width 0.05))
    (fp_line (start -1.68 -0.95) (end -1.68 0.95) (layer B.CrtYd) (width 0.05))
    (fp_line (start -0.258578 -0.71) (end 0.258578 -0.71) (layer B.SilkS) (width 0.12))
    (fp_line (start -0.258578 0.71) (end 0.258578 0.71) (layer B.SilkS) (width 0.12))
    (fp_line (start 1 -0.6) (end -1 -0.6) (layer B.Fab) (width 0.1))
    (fp_line (start 1 0.6) (end 1 -0.6) (layer B.Fab) (width 0.1))
    (fp_line (start -1 0.6) (end 1 0.6) (layer B.Fab) (width 0.1))
    (fp_line (start -1 -0.6) (end -1 0.6) (layer B.Fab) (width 0.1))
    (pad 2 smd roundrect (at 0.9375 0 270) (size 0.975 1.4) (layers B.Cu B.Paste B.Mask) (roundrect_rratio 0.25)
      (net 11 GNDREF))
    (pad 1 smd roundrect (at -0.9375 0 270) (size 0.975 1.4) (layers B.Cu B.Paste B.Mask) (roundrect_rratio 0.25)
      (net 18 "Net-(C2-Pad1)"))
    (model ${KISYS3DMOD}/Capacitor_SMD.3dshapes/C_0805_2012Metric.wrl
      (at (xyz 0 0 0))
      (scale (xyz 1 1 1))
      (rotate (xyz 0 0 0))
    )
  )

  (module Capacitor_SMD:C_0805_2012Metric placed (layer B.Cu) (tedit 5B36C52B) (tstamp 5CEA60E1)
    (at 174 112.3375 270)
    (descr "Capacitor SMD 0805 (2012 Metric), square (rectangular) end terminal, IPC_7351 nominal, (Body size source: https://docs.google.com/spreadsheets/d/1BsfQQcO9C6DZCsRaXUlFlo91Tg2WpOkGARC1WS5S8t0/edit?usp=sharing), generated with kicad-footprint-generator")
    (tags capacitor)
    (path /5CE6E056)
    (attr smd)
    (fp_text reference C3 (at 0 1.65 270) (layer B.SilkS)
      (effects (font (size 1 1) (thickness 0.15)) (justify mirror))
    )
    (fp_text value 1nF (at 0 -1.65 270) (layer B.Fab)
      (effects (font (size 1 1) (thickness 0.15)) (justify mirror))
    )
    (fp_line (start -1 -0.6) (end -1 0.6) (layer B.Fab) (width 0.1))
    (fp_line (start -1 0.6) (end 1 0.6) (layer B.Fab) (width 0.1))
    (fp_line (start 1 0.6) (end 1 -0.6) (layer B.Fab) (width 0.1))
    (fp_line (start 1 -0.6) (end -1 -0.6) (layer B.Fab) (width 0.1))
    (fp_line (start -0.258578 0.71) (end 0.258578 0.71) (layer B.SilkS) (width 0.12))
    (fp_line (start -0.258578 -0.71) (end 0.258578 -0.71) (layer B.SilkS) (width 0.12))
    (fp_line (start -1.68 -0.95) (end -1.68 0.95) (layer B.CrtYd) (width 0.05))
    (fp_line (start -1.68 0.95) (end 1.68 0.95) (layer B.CrtYd) (width 0.05))
    (fp_line (start 1.68 0.95) (end 1.68 -0.95) (layer B.CrtYd) (width 0.05))
    (fp_line (start 1.68 -0.95) (end -1.68 -0.95) (layer B.CrtYd) (width 0.05))
    (fp_text user %R (at 0 0 270) (layer B.Fab)
      (effects (font (size 0.5 0.5) (thickness 0.08)) (justify mirror))
    )
    (pad 1 smd roundrect (at -0.9375 0 270) (size 0.975 1.4) (layers B.Cu B.Paste B.Mask) (roundrect_rratio 0.25)
      (net 19 "Net-(C3-Pad1)"))
    (pad 2 smd roundrect (at 0.9375 0 270) (size 0.975 1.4) (layers B.Cu B.Paste B.Mask) (roundrect_rratio 0.25)
      (net 11 GNDREF))
    (model ${KISYS3DMOD}/Capacitor_SMD.3dshapes/C_0805_2012Metric.wrl
      (at (xyz 0 0 0))
      (scale (xyz 1 1 1))
      (rotate (xyz 0 0 0))
    )
  )

  (module Capacitor_SMD:C_0805_2012Metric placed (layer F.Cu) (tedit 5B36C52B) (tstamp 5CEA60F2)
    (at 163.9085 88.138 180)
    (descr "Capacitor SMD 0805 (2012 Metric), square (rectangular) end terminal, IPC_7351 nominal, (Body size source: https://docs.google.com/spreadsheets/d/1BsfQQcO9C6DZCsRaXUlFlo91Tg2WpOkGARC1WS5S8t0/edit?usp=sharing), generated with kicad-footprint-generator")
    (tags capacitor)
    (path /5CE8A47E)
    (attr smd)
    (fp_text reference C4 (at 0 -1.65) (layer F.SilkS)
      (effects (font (size 1 1) (thickness 0.15)))
    )
    (fp_text value 10uF (at 0 1.65) (layer F.Fab)
      (effects (font (size 1 1) (thickness 0.15)))
    )
    (fp_line (start -1 0.6) (end -1 -0.6) (layer F.Fab) (width 0.1))
    (fp_line (start -1 -0.6) (end 1 -0.6) (layer F.Fab) (width 0.1))
    (fp_line (start 1 -0.6) (end 1 0.6) (layer F.Fab) (width 0.1))
    (fp_line (start 1 0.6) (end -1 0.6) (layer F.Fab) (width 0.1))
    (fp_line (start -0.258578 -0.71) (end 0.258578 -0.71) (layer F.SilkS) (width 0.12))
    (fp_line (start -0.258578 0.71) (end 0.258578 0.71) (layer F.SilkS) (width 0.12))
    (fp_line (start -1.68 0.95) (end -1.68 -0.95) (layer F.CrtYd) (width 0.05))
    (fp_line (start -1.68 -0.95) (end 1.68 -0.95) (layer F.CrtYd) (width 0.05))
    (fp_line (start 1.68 -0.95) (end 1.68 0.95) (layer F.CrtYd) (width 0.05))
    (fp_line (start 1.68 0.95) (end -1.68 0.95) (layer F.CrtYd) (width 0.05))
    (fp_text user %R (at 0 0) (layer F.Fab)
      (effects (font (size 0.5 0.5) (thickness 0.08)))
    )
    (pad 1 smd roundrect (at -0.9375 0 180) (size 0.975 1.4) (layers F.Cu F.Paste F.Mask) (roundrect_rratio 0.25)
      (net 14 +1V8))
    (pad 2 smd roundrect (at 0.9375 0 180) (size 0.975 1.4) (layers F.Cu F.Paste F.Mask) (roundrect_rratio 0.25)
      (net 11 GNDREF))
    (model ${KISYS3DMOD}/Capacitor_SMD.3dshapes/C_0805_2012Metric.wrl
      (at (xyz 0 0 0))
      (scale (xyz 1 1 1))
      (rotate (xyz 0 0 0))
    )
  )

  (module Capacitor_SMD:C_0805_2012Metric placed (layer F.Cu) (tedit 5B36C52B) (tstamp 5CEA6103)
    (at 164.9245 100.838)
    (descr "Capacitor SMD 0805 (2012 Metric), square (rectangular) end terminal, IPC_7351 nominal, (Body size source: https://docs.google.com/spreadsheets/d/1BsfQQcO9C6DZCsRaXUlFlo91Tg2WpOkGARC1WS5S8t0/edit?usp=sharing), generated with kicad-footprint-generator")
    (tags capacitor)
    (path /5CE9EA85)
    (attr smd)
    (fp_text reference C5 (at 0 -1.65) (layer F.SilkS)
      (effects (font (size 1 1) (thickness 0.15)))
    )
    (fp_text value 4.7uF (at 0 1.65) (layer F.Fab)
      (effects (font (size 1 1) (thickness 0.15)))
    )
    (fp_text user %R (at 0 0) (layer F.Fab)
      (effects (font (size 0.5 0.5) (thickness 0.08)))
    )
    (fp_line (start 1.68 0.95) (end -1.68 0.95) (layer F.CrtYd) (width 0.05))
    (fp_line (start 1.68 -0.95) (end 1.68 0.95) (layer F.CrtYd) (width 0.05))
    (fp_line (start -1.68 -0.95) (end 1.68 -0.95) (layer F.CrtYd) (width 0.05))
    (fp_line (start -1.68 0.95) (end -1.68 -0.95) (layer F.CrtYd) (width 0.05))
    (fp_line (start -0.258578 0.71) (end 0.258578 0.71) (layer F.SilkS) (width 0.12))
    (fp_line (start -0.258578 -0.71) (end 0.258578 -0.71) (layer F.SilkS) (width 0.12))
    (fp_line (start 1 0.6) (end -1 0.6) (layer F.Fab) (width 0.1))
    (fp_line (start 1 -0.6) (end 1 0.6) (layer F.Fab) (width 0.1))
    (fp_line (start -1 -0.6) (end 1 -0.6) (layer F.Fab) (width 0.1))
    (fp_line (start -1 0.6) (end -1 -0.6) (layer F.Fab) (width 0.1))
    (pad 2 smd roundrect (at 0.9375 0) (size 0.975 1.4) (layers F.Cu F.Paste F.Mask) (roundrect_rratio 0.25)
      (net 11 GNDREF))
    (pad 1 smd roundrect (at -0.9375 0) (size 0.975 1.4) (layers F.Cu F.Paste F.Mask) (roundrect_rratio 0.25)
      (net 14 +1V8))
    (model ${KISYS3DMOD}/Capacitor_SMD.3dshapes/C_0805_2012Metric.wrl
      (at (xyz 0 0 0))
      (scale (xyz 1 1 1))
      (rotate (xyz 0 0 0))
    )
  )

  (module Capacitor_SMD:C_0805_2012Metric placed (layer F.Cu) (tedit 5B36C52B) (tstamp 5CEA6114)
    (at 161.3685 105.41 180)
